卫星的两行根数、最大机动能力和仿真时间段
Line1=1 40053U 14034A   21140.13652130  .00000020  00000-0  14137-4 0  9995
Line2=2 40053  98.2176 207.8984 0001332  96.7740 263.3621 14.58543699366751
MaxSensorAngle=45
StartTime=1 Jun 2021 0:0:00
EndTime=10 Jun  2021 0:0:00
